#    s        x        y     Ue/Vinf    Dstar     Theta      Cf       H
   0.00000  1.00000  0.00126  0.90317  0.010320  0.005311  0.000688     1.943
   0.00632  0.99381  0.00254  0.91097  0.009746  0.005133  0.000762     1.899
   0.01731  0.98304  0.00473  0.92554  0.008815  0.004823  0.000904     1.828
   0.03011  0.97049  0.00724  0.94222  0.007931  0.004502  0.001066     1.762
   0.04441  0.95646  0.01001  0.96018  0.007138  0.004188  0.001242     1.705
   0.05976  0.94138  0.01291  0.97839  0.006460  0.003898  0.001420     1.657
   0.07573  0.92569  0.01588  0.99602  0.005898  0.003642  0.001593     1.619
   0.09203  0.90967  0.01884  1.01275  0.005431  0.003418  0.001758     1.589
   0.10849  0.89346  0.02176  1.02834  0.005044  0.003223  0.001911     1.565
   0.12504  0.87717  0.02463  1.04301  0.004715  0.003050  0.002055     1.546
   0.14163  0.86082  0.02745  1.05670  0.004434  0.002898  0.002189     1.530
   0.15824  0.84444  0.03020  1.06957  0.004189  0.002761  0.002315     1.517
   0.17486  0.82804  0.03289  1.08185  0.003972  0.002637  0.002435     1.506
   0.19149  0.81162  0.03552  1.09356  0.003777  0.002523  0.002549     1.497
   0.20812  0.79519  0.03809  1.10467  0.003602  0.002418  0.002657     1.490
   0.22474  0.77875  0.04059  1.11550  0.003440  0.002320  0.002763     1.483
   0.24137  0.76230  0.04302  1.12591  0.003292  0.002228  0.002865     1.478
   0.25800  0.74585  0.04539  1.13605  0.003154  0.002141  0.002964     1.473
   0.27462  0.72938  0.04769  1.14597  0.003024  0.002059  0.003061     1.469
   0.29124  0.71292  0.04993  1.15568  0.002902  0.001981  0.003157     1.465
   0.30785  0.69645  0.05210  1.16526  0.002786  0.001906  0.003252     1.462
   0.32446  0.67998  0.05420  1.17460  0.002678  0.001834  0.003344     1.460
   0.34105  0.66350  0.05624  1.18404  0.002572  0.001765  0.003439     1.457
   0.35764  0.64703  0.05820  1.19322  0.002472  0.001698  0.003531     1.456
   0.37422  0.63056  0.06009  1.20248  0.002375  0.001633  0.003625     1.454
   0.39079  0.61410  0.06191  1.21166  0.002282  0.001570  0.003719     1.453
   0.40734  0.59764  0.06366  1.22086  0.002191  0.001509  0.003814     1.452
   0.42388  0.58118  0.06533  1.23007  0.002104  0.001450  0.003910     1.451
   0.44040  0.56474  0.06692  1.23932  0.002019  0.001392  0.004008     1.451
   0.45690  0.54830  0.06843  1.24862  0.001937  0.001335  0.004107     1.450
   0.47339  0.53188  0.06985  1.25814  0.001855  0.001279  0.004211     1.450
   0.48985  0.51547  0.07120  1.26757  0.001777  0.001225  0.004314     1.450
   0.50630  0.49907  0.07245  1.27728  0.001700  0.001172  0.004423     1.451
   0.52271  0.48270  0.07362  1.28709  0.001624  0.001119  0.004534     1.451
   0.53910  0.46635  0.07469  1.29718  0.001549  0.001067  0.004653     1.451
   0.55545  0.45002  0.07567  1.30743  0.001476  0.001016  0.004775     1.452
   0.57177  0.43373  0.07654  1.31811  0.001402  0.000966  0.004909     1.452
   0.58802  0.41749  0.07732  1.32922  0.001329  0.000915  0.005054     1.452
   0.60420  0.40134  0.07798  1.34148  0.001253  0.000864  0.005231     1.451
   0.62025  0.38529  0.07852  1.35407  0.001178  0.000814  0.005425     1.449
   0.63621  0.36934  0.07891  1.36547  0.001111  0.000767  0.005601     1.448
   0.65210  0.35345  0.07914  1.37647  0.001046  0.000722  0.005775     1.448
   0.66793  0.33762  0.07922  1.38726  0.000984  0.000679  0.005952     1.448
   0.68371  0.32184  0.07915  1.39785  0.000923  0.000637  0.006133     1.449
   0.69943  0.30612  0.07891  1.40840  0.000865  0.000596  0.006321     1.450
   0.71510  0.29046  0.07850  1.41879  0.000808  0.000557  0.006515     1.451
   0.73070  0.27487  0.07791  1.42927  0.000752  0.000517  0.006724     1.453
   0.74623  0.25935  0.07715  1.43965  0.000697  0.000479  0.006945     1.454
   0.76169  0.24392  0.07620  1.45015  0.000642  0.000441  0.007189     1.456
   0.77706  0.22859  0.07506  1.46060  0.000589  0.000404  0.007457     1.457
   0.79234  0.21338  0.07373  1.47115  0.000535  0.000367  0.007764     1.457
   0.80750  0.19829  0.07219  1.48176  0.000482  0.000331  0.008121     1.457
   0.82254  0.18335  0.07044  1.49234  0.000429  0.000295  0.008538     1.456
   0.83743  0.16859  0.06848  1.50290  0.000376  0.000258  0.008998     1.456
   0.85213  0.15405  0.06629  1.51295  0.000328  0.000223  0.009294     1.472
   0.86661  0.13978  0.06389  1.52300  0.000297  0.000190  0.008529     1.563
   0.88079  0.12584  0.06127  1.53627  0.000311  0.000164  0.005231     1.900
   0.89460  0.11233  0.05844  1.56754  0.000418  0.000142  0.001103     2.933
   0.90791  0.09937  0.05542  1.57825  0.000406  0.000135  0.001015     3.011
   0.92057  0.08711  0.05226  1.59266  0.000383  0.000126  0.001050     3.033
   0.93242  0.07571  0.04901  1.60895  0.000356  0.000118  0.001142     3.032
   0.94332  0.06532  0.04573  1.62638  0.000330  0.000109  0.001262     3.026
   0.95315  0.05602  0.04251  1.64468  0.000303  0.000101  0.001420     3.012
   0.96191  0.04785  0.03938  1.66348  0.000277  0.000093  0.001617     2.993
   0.96962  0.04073  0.03640  1.68260  0.000253  0.000085  0.001880     2.964
   0.97639  0.03458  0.03357  1.70147  0.000230  0.000078  0.002174     2.937
   0.98235  0.02925  0.03090  1.72032  0.000208  0.000072  0.002569     2.898
   0.98761  0.02465  0.02837  1.73856  0.000188  0.000066  0.003046     2.856
   0.99228  0.02064  0.02596  1.75590  0.000170  0.000060  0.003608     2.815
   0.99646  0.01715  0.02365  1.77214  0.000153  0.000055  0.004288     2.771
   1.00023  0.01410  0.02143  1.78675  0.000137  0.000050  0.005102     2.726
   1.00366  0.01144  0.01929  1.79921  0.000122  0.000046  0.006167     2.671
   1.00679  0.00910  0.01719  1.80739  0.000109  0.000041  0.007358     2.622
   1.00968  0.00708  0.01514  1.81040  0.000096  0.000037  0.008773     2.572
   1.01235  0.00532  0.01312  1.80591  0.000086  0.000034  0.010350     2.526
   1.01485  0.00383  0.01112  1.79146  0.000076  0.000031  0.012333     2.470
   1.01719  0.00259  0.00913  1.76165  0.000068  0.000028  0.014049     2.433
   1.01940  0.00160  0.00716  1.71552  0.000060  0.000025  0.016190     2.381
   1.02149  0.00085  0.00521  1.64521  0.000054  0.000023  0.017707     2.343
   1.02348  0.00034  0.00329  1.55172  0.000050  0.000022  0.018724     2.309
   1.02538  0.00006  0.00140  1.43476  0.000047  0.000021  0.018969     2.277
   1.02721  0.00001 -0.00042  1.30087  0.000045  0.000020  0.017944     2.268
   1.02906  0.00017 -0.00227  1.14949  0.000043  0.000019  0.016798     2.243
   1.03098  0.00057 -0.00415  0.97681  0.000043  0.000019  0.014423     2.234
   1.03298  0.00123 -0.00604  0.79372  0.000044  0.000020  0.011741     2.219
   1.03507  0.00216 -0.00791  0.60727  0.000045  0.000021  0.008636     2.212
   1.03727  0.00337 -0.00974  0.43188  0.000048  0.000022  0.005731     2.223
   1.03959  0.00484 -0.01154  0.26801  0.000051  0.000023  0.003382     2.204
   1.04205  0.00657 -0.01328  0.12454  0.000058  0.000026  0.001351     2.230
   1.04469  0.00858 -0.01499 -0.00322  0.000058  0.000026  0.000035     2.230
   1.04752  0.01087 -0.01666 -0.11457  0.000068  0.000031  0.001060     2.231
   1.05059  0.01347 -0.01829 -0.21140  0.000074  0.000033  0.001783     2.247
   1.05394  0.01640 -0.01991 -0.29719  0.000081  0.000036  0.002268     2.257
   1.05762  0.01971 -0.02152 -0.37203  0.000089  0.000039  0.002539     2.272
   1.06169  0.02346 -0.02312 -0.43886  0.000098  0.000043  0.002732     2.276
   1.06625  0.02772 -0.02473 -0.49827  0.000108  0.000047  0.002772     2.293
   1.07138  0.03259 -0.02635 -0.55205  0.000118  0.000051  0.002799     2.298
   1.07721  0.03819 -0.02799 -0.60020  0.000130  0.000056  0.002716     2.316
   1.08388  0.04464 -0.02964 -0.64387  0.000142  0.000061  0.002640     2.323
   1.09152  0.05210 -0.03130 -0.68327  0.000157  0.000067  0.002511     2.338
   1.10027  0.06070 -0.03295 -0.71874  0.000172  0.000073  0.002380     2.348
   1.11023  0.07053 -0.03455 -0.75007  0.000190  0.000080  0.002226     2.363
   1.12140  0.08159 -0.03607 -0.77761  0.000208  0.000088  0.002084     2.373
   1.13370  0.09381 -0.03747 -0.80123  0.000228  0.000095  0.001936     2.386
   1.14696  0.10702 -0.03870 -0.82116  0.000248  0.000103  0.001800     2.398
   1.16100  0.12102 -0.03975 -0.83774  0.000269  0.000112  0.001673     2.410
   1.17563  0.13563 -0.04061 -0.85164  0.000290  0.000120  0.001565     2.419
   1.19072  0.15070 -0.04129 -0.86308  0.000311  0.000128  0.001462     2.430
   1.20615  0.16612 -0.04180 -0.87246  0.000333  0.000136  0.001368     2.441
   1.22184  0.18181 -0.04215 -0.88040  0.000353  0.000144  0.001291     2.449
   1.23775  0.19771 -0.04236 -0.88685  0.000374  0.000152  0.001214     2.460
   1.25383  0.21379 -0.04244 -0.89237  0.000394  0.000160  0.001152     2.466
   1.27005  0.23002 -0.04240 -0.89696  0.000414  0.000167  0.001092     2.475
   1.28640  0.24636 -0.04227 -0.90080  0.000434  0.000175  0.001038     2.482
   1.30286  0.26282 -0.04204 -0.90411  0.000453  0.000182  0.000991     2.488
   1.31941  0.27936 -0.04174 -0.90693  0.000472  0.000189  0.000948     2.495
   1.33604  0.29599 -0.04137 -0.90946  0.000490  0.000196  0.000912     2.498
   1.35275  0.31270 -0.04093 -0.91162  0.000508  0.000203  0.000877     2.503
   1.36952  0.32946 -0.04045 -0.91372  0.000525  0.000210  0.000851     2.504
   1.38635  0.34629 -0.03992 -0.91554  0.000542  0.000216  0.000823     2.507
   1.40323  0.36315 -0.03936 -0.91744  0.000557  0.000222  0.000804     2.506
   1.42013  0.38005 -0.03876 -0.91950  0.000570  0.000228  0.000791     2.500
   1.43704  0.39694 -0.03814 -0.92201  0.000580  0.000233  0.000791     2.488
   1.45389  0.41378 -0.03750 -0.92485  0.000588  0.000238  0.000793     2.474
   1.47071  0.43058 -0.03681 -0.92677  0.000603  0.000243  0.000770     2.481
   1.48754  0.44740 -0.03606 -0.92817  0.000620  0.000249  0.000741     2.492
   1.50439  0.46423 -0.03528 -0.92926  0.000637  0.000255  0.000713     2.503
   1.52126  0.48108 -0.03446 -0.93020  0.000654  0.000260  0.000690     2.512
   1.53816  0.49795 -0.03360 -0.93082  0.000671  0.000266  0.000665     2.523
   1.55508  0.51485 -0.03271 -0.93132  0.000688  0.000272  0.000643     2.531
   1.57202  0.53177 -0.03179 -0.93178  0.000704  0.000277  0.000625     2.537
   1.58899  0.54871 -0.03085 -0.93197  0.000721  0.000283  0.000604     2.546
   1.60597  0.56567 -0.02988 -0.93228  0.000735  0.000289  0.000590     2.549
   1.62298  0.58264 -0.02889 -0.93235  0.000752  0.000294  0.000573     2.556
   1.64000  0.59963 -0.02788 -0.93248  0.000766  0.000299  0.000560     2.559
   1.65703  0.61664 -0.02685 -0.93252  0.000781  0.000305  0.000547     2.564
   1.67408  0.63366 -0.02581 -0.93254  0.000796  0.000310  0.000535     2.567
   1.69114  0.65068 -0.02475 -0.93239  0.000812  0.000315  0.000521     2.573
   1.70821  0.66772 -0.02369 -0.93240  0.000825  0.000321  0.000512     2.574
   1.72529  0.68477 -0.02261 -0.93230  0.000839  0.000326  0.000502     2.577
   1.74238  0.70182 -0.02152 -0.93215  0.000854  0.000331  0.000491     2.580
   1.75948  0.71888 -0.02043 -0.93200  0.000867  0.000336  0.000482     2.583
   1.77658  0.73594 -0.01932 -0.93171  0.000882  0.000341  0.000471     2.588
   1.79368  0.75301 -0.01821 -0.93153  0.000896  0.000346  0.000463     2.590
   1.81078  0.77008 -0.01709 -0.93112  0.000912  0.000351  0.000451     2.597
   1.82789  0.78715 -0.01597 -0.93075  0.000926  0.000356  0.000441     2.601
   1.84499  0.80422 -0.01484 -0.93034  0.000941  0.000361  0.000432     2.606
   1.86210  0.82128 -0.01370 -0.92967  0.000959  0.000367  0.000418     2.617
   1.87919  0.83834 -0.01256 -0.92888  0.000978  0.000372  0.000404     2.628
   1.89627  0.85538 -0.01141 -0.92800  0.000997  0.000378  0.000391     2.641
   1.91334  0.87240 -0.01026 -0.92673  0.001022  0.000384  0.000371     2.663
   1.93036  0.88939 -0.00910 -0.92540  0.001047  0.000390  0.000352     2.684
   1.94729  0.90628 -0.00793 -0.92330  0.001084  0.000398  0.000322     2.728
   1.96405  0.92300 -0.00677 -0.92090  0.001127  0.000405  0.000289     2.780
   1.98046  0.93937 -0.00562 -0.91781  0.001186  0.000415  0.000245     2.861
   1.99621  0.95508 -0.00451 -0.91403  0.001271  0.000425  0.000189     2.990
   2.01084  0.96967 -0.00347 -0.91002  0.001388  0.000436  0.000124     3.181
   2.02384  0.98263 -0.00253 -0.90652  0.001538  0.000446  0.000059     3.448
   2.03492  0.99369 -0.00172 -0.90407  0.001719  0.000453  0.000005     3.796
   2.04125  1.00000 -0.00126 -0.90317  0.001737  0.000456  0.000003     3.812
   2.04125  1.00010 -0.00001  0.90317  0.014547  0.005767  0.000000     2.523
   2.04757  1.00641 -0.00040  0.89054  0.013815  0.006133  0.000000     2.253
   2.05499  1.01382 -0.00078  0.89409  0.012839  0.006032  0.000000     2.128
   2.06368  1.02250 -0.00116  0.89872  0.011877  0.005907  0.000000     2.011
   2.07387  1.03269 -0.00156  0.90438  0.010953  0.005763  0.000000     1.901
   2.08583  1.04463 -0.00196  0.91089  0.010084  0.005606  0.000000     1.799
   2.09984  1.05864 -0.00236  0.91798  0.009288  0.005446  0.000000     1.706
   2.11627  1.07507 -0.00275  0.92534  0.008572  0.005290  0.000000     1.621
   2.13554  1.09433 -0.00312  0.93267  0.007938  0.005143  0.000000     1.543
   2.15813  1.11692 -0.00344  0.93975  0.007380  0.005009  0.000000     1.474
   2.18462  1.14341 -0.00368  0.94644  0.006893  0.004888  0.000000     1.410
   2.21567  1.17446 -0.00381  0.95267  0.006468  0.004782  0.000000     1.353
   2.25209  1.21088 -0.00377  0.95842  0.006099  0.004687  0.000000     1.301
   2.29479  1.25357 -0.00351  0.96367  0.005779  0.004604  0.000000     1.255
   2.34485  1.30363 -0.00294  0.96846  0.005503  0.004532  0.000000     1.214
   2.40355  1.36232 -0.00197  0.97278  0.005267  0.004468  0.000000     1.179
   2.47237  1.43113 -0.00047  0.97667  0.005067  0.004412  0.000000     1.148
   2.55307  1.51180  0.00171  0.98013  0.004899  0.004364  0.000000     1.123
   2.64769  1.60638  0.00474  0.98321  0.004760  0.004321  0.000000     1.101
   2.75864  1.71724  0.00886  0.98590  0.004646  0.004285  0.000000     1.084
   2.88872  1.84721  0.01432  0.98823  0.004553  0.004254  0.000000     1.070
   3.04125  1.99957  0.02145  0.99045  0.004476  0.004225  0.000000     1.059
